----------Distance----------

767435.7773936104

---------Circle Path--------

105
429
48
194
98
31
45
239
60
149
308
54
405
349
412
147
270
304
155
70
144
398
73
6
24
389
76
420
176
100
180
49
52
228
356
293
351
132
354
165
410
129
33
66
275
157
51
299
209
173
205
285
423
22
158
344
361
408
368
2
340
328
421
266
355
288
123
375
346
140
15
301
156
327
260
99
78
287
373
14
252
27
298
414
41
106
320
181
136
294
166
199
83
40
411
292
82
397
439
107
424
372
258
219
325
396
343
153
20
86
47
265
296
187
406
378
225
404
159
399
84
376
333
433
127
162
313
435
217
224
441
418
79
184
109
257
317
142
280
289
137
253
241
338
284
236
81
118
195
359
179
90
124
113
152
202
150
394
246
74
39
215
382
432
139
357
237
145
383
21
238
56
231
306
115
146
437
36
297
96
163
401
203
87
5
348
164
326
248
220
160
34
271
114
395
53
178
264
365
315
431
116
12
125
134
329
97
339
391
208
233
210
71
94
93
29
161
131
242
177
197
417
409
402
207
135
130
4
65
347
295
262
427
169
151
120
407
3
192
57
422
191
274
9
222
281
369
223
167
25
235
85
185
10
37
88
353
234
309
204
358
276
286
272
255
314
68
198
250
201
218
91
101
212
1
367
273
390
345
200
440
188
419
229
32
426
269
183
335
249
247
321
381
172
17
282
277
303
43
416
148
324
95
102
7
385
259
393
438
363
302
104
268
307
283
75
387
214
240
254
121
143
28
291
92
62
64
128
384
112
370
279
30
305
38
63
434
171
428
374
316
243
11
89
213
319
331
267
364
110
111
334
436
35
318
193
154
216
415
330
256
119
300
141
332
168
322
379
403
44
103
311
13
261
425
232
69
133
263
61
336
230
16
341
371
400
377
278
175
186
18
352
46
174
55
59
23
19
108
206
182
26
67
221
122
42
380
350
227
251
189
386
117
211
190
290
138
430
392
77
342
245
8
310
366
244
50
126
72
226
312
388
413
170
442
58
80
196
337
360
323
362
-1