----------Distance----------

733053.0269733366

---------Circle Path--------

384
12
38
280
265
33
361
264
425
330
190
423
419
141
210
302
161
403
365
316
205
37
113
98
78
251
25
256
340
319
308
74
152
79
224
233
16
171
364
109
245
211
243
366
229
379
173
297
301
180
387
165
292
326
144
166
164
129
226
347
338
143
262
27
120
373
213
39
402
92
383
131
215
10
406
149
422
260
323
192
217
430
22
315
411
95
35
290
310
397
345
287
172
117
42
194
52
81
185
153
3
324
305
369
295
356
112
75
219
304
176
294
2
331
32
94
279
77
15
136
417
278
83
358
370
236
298
434
313
138
429
415
399
203
177
394
90
155
393
312
196
288
17
124
85
133
20
168
349
6
146
221
105
104
320
9
101
23
353
259
118
145
140
88
335
51
212
61
186
392
438
428
73
376
253
70
175
206
250
227
382
49
309
201
45
385
231
311
28
41
96
284
4
291
352
252
91
84
346
58
208
372
150
54
381
440
214
314
11
56
102
273
433
405
137
235
29
286
115
195
337
232
341
128
130
26
148
386
439
285
272
125
108
14
339
416
242
72
167
343
418
7
401
106
36
380
257
13
225
222
111
64
114
228
199
378
65
59
317
348
157
99
432
307
362
336
270
412
300
76
327
408
162
248
223
421
431
360
424
377
271
239
216
179
296
306
80
103
43
426
281
178
31
333
202
325
442
334
66
246
1
181
132
435
247
230
368
328
126
268
261
357
390
267
151
44
48
30
359
107
60
21
329
237
67
209
163
71
220
184
8
5
53
282
269
200
182
82
283
254
293
87
116
142
100
55
24
121
174
127
123
354
367
86
258
255
407
122
160
437
189
299
197
244
69
34
318
18
413
420
371
410
395
275
321
134
63
135
93
89
388
351
427
147
350
441
188
187
274
374
218
322
47
344
183
68
62
57
355
240
277
389
375
40
119
139
391
396
191
276
409
266
249
204
97
158
436
400
46
289
342
363
193
303
170
241
263
154
404
414
156
332
207
198
110
238
398
169
19
50
159
234
-1