----------Distance----------

742764.4216110489

---------Circle Path--------

275
370
270
430
405
426
349
313
122
23
397
245
212
221
131
217
101
222
356
150
87
160
261
321
47
15
75
396
32
229
244
4
345
334
35
186
388
294
346
158
14
161
24
237
153
400
144
336
106
50
37
197
177
359
435
70
132
62
30
365
248
175
292
423
113
437
327
335
85
317
240
178
223
102
123
232
136
117
7
97
279
208
293
92
276
352
330
55
416
18
241
342
135
247
238
422
343
418
361
338
353
63
72
120
206
354
319
205
393
272
69
168
320
424
146
278
412
269
91
382
235
201
99
116
115
139
200
364
157
391
61
181
82
64
26
48
377
95
254
155
283
408
285
149
44
38
49
86
428
203
190
301
414
429
375
234
350
210
277
218
100
257
58
434
187
3
441
114
438
198
216
33
415
339
322
209
20
340
5
265
13
274
311
176
219
282
40
286
395
107
57
431
128
378
156
368
179
98
25
369
411
41
246
16
71
289
174
383
89
323
302
399
21
45
390
192
9
125
28
121
267
199
381
22
303
325
185
281
34
180
252
328
347
392
253
202
10
410
374
53
119
167
287
255
193
215
376
305
326
79
344
59
11
154
171
94
103
266
360
385
65
93
27
337
111
148
314
42
19
17
138
162
355
362
166
90
386
126
105
110
417
196
394
194
333
407
380
384
143
172
366
184
118
214
66
420
249
8
228
379
389
284
76
300
295
84
147
239
77
130
406
442
188
96
127
263
189
1
316
318
213
251
60
129
401
142
81
159
164
367
280
262
371
220
291
6
242
363
404
398
29
373
124
297
39
152
260
230
112
141
236
348
88
259
52
170
31
108
419
145
331
432
227
36
83
290
109
268
351
436
134
413
67
256
43
273
288
439
211
78
133
250
341
264
173
74
204
2
207
329
372
425
169
165
233
183
46
226
258
271
309
409
433
224
315
307
195
357
387
402
332
137
151
312
56
80
427
298
51
403
306
304
54
296
140
299
243
231
324
440
163
225
104
421
73
310
182
12
308
191
68
358
-1