----------Distance----------

758462.9069494245

---------Circle Path--------

382
439
346
409
331
366
281
195
13
166
129
351
396
145
417
257
221
242
9
192
263
442
6
402
213
112
173
136
441
286
266
50
171
91
283
383
169
362
17
116
163
47
154
161
347
274
202
225
345
308
194
62
394
229
381
428
193
184
341
133
3
258
269
301
187
306
376
10
406
338
353
191
433
66
280
393
165
41
294
313
303
264
38
86
318
200
356
323
293
25
8
358
111
152
255
310
354
391
329
170
403
43
256
24
389
85
1
411
151
375
427
31
235
278
267
11
432
352
385
325
159
319
34
120
119
104
183
39
37
372
125
22
284
131
418
208
146
46
239
277
178
211
19
101
79
21
302
98
360
199
288
28
395
94
2
276
436
175
350
253
138
83
176
190
135
55
348
243
248
123
241
105
292
237
245
365
172
7
77
5
282
35
379
344
223
343
336
300
180
201
271
384
377
32
390
397
167
124
92
103
150
440
380
139
82
363
16
115
226
413
405
127
70
44
215
304
370
96
349
142
36
65
315
422
260
30
231
359
388
420
320
410
121
74
298
368
425
26
56
307
416
333
162
132
198
330
317
95
156
414
295
374
392
149
400
378
337
80
78
100
67
12
335
423
398
261
109
23
130
206
369
189
289
324
57
437
246
203
312
87
102
209
75
438
188
97
357
117
332
259
217
148
15
144
182
424
224
249
113
48
305
99
219
262
435
340
328
76
265
52
29
134
27
137
160
285
228
296
342
412
45
88
179
339
236
60
316
371
334
227
401
309
110
168
387
386
143
84
404
106
210
207
214
158
61
49
122
218
222
186
197
68
140
268
89
275
93
40
64
185
4
279
157
238
212
399
20
419
244
90
174
14
247
128
204
272
42
434
367
63
216
254
73
431
51
71
355
426
291
114
415
53
230
220
314
252
108
107
407
33
311
273
54
81
430
250
364
327
164
233
322
290
18
155
270
373
147
232
297
196
69
153
240
118
205
58
429
299
408
141
326
361
72
251
181
59
287
234
321
126
421
177
-1