----------Distance----------

759059.6234765884

---------Circle Path--------

230
345
12
176
354
437
334
322
44
10
277
400
15
229
385
50
223
258
39
257
289
325
232
417
4
139
166
28
8
201
202
99
179
97
93
105
17
135
295
174
164
281
71
127
337
328
379
14
435
133
366
18
81
58
419
256
318
341
46
88
210
420
86
147
35
399
209
56
368
346
429
41
250
80
261
440
226
150
144
9
104
284
433
387
395
148
224
74
231
72
407
305
241
380
370
404
134
306
418
276
423
171
351
140
300
221
405
205
302
75
177
83
189
272
154
307
53
106
442
349
215
118
84
234
77
251
290
342
330
62
393
212
365
402
288
117
270
172
121
145
249
31
100
374
321
311
326
335
392
51
313
356
244
236
414
320
397
413
310
329
386
424
304
438
70
73
359
136
63
125
312
269
203
248
254
389
353
168
355
268
352
151
216
123
115
372
6
138
298
390
142
357
7
213
101
411
218
159
116
66
162
146
180
157
16
114
185
282
388
149
264
431
267
193
85
40
360
436
403
408
280
265
42
178
358
161
111
225
316
228
314
253
11
47
426
129
131
57
308
243
95
29
110
21
220
163
207
422
332
141
364
238
23
428
169
287
333
126
55
112
206
315
362
67
61
439
59
79
294
181
227
319
195
274
204
200
259
130
378
297
191
271
1
292
285
167
184
369
291
54
367
217
394
296
275
30
363
78
197
350
235
208
160
410
32
120
301
409
416
36
222
165
219
293
192
391
37
347
182
237
156
170
396
38
199
340
60
186
48
2
263
245
76
128
90
64
24
255
361
376
22
398
381
406
239
309
91
5
196
338
242
233
92
113
94
13
45
87
52
262
183
343
384
187
427
278
69
25
26
430
89
303
19
96
20
153
33
373
103
122
119
152
155
299
194
371
211
377
43
441
375
327
252
214
434
283
348
190
188
124
65
432
102
323
279
198
158
173
49
68
324
27
339
109
34
246
401
331
132
3
421
240
143
175
383
286
425
344
260
98
107
336
266
273
137
412
108
247
317
382
415
82
-1