----------Distance----------

768080.7671008086

---------Circle Path--------

61
224
42
390
346
103
165
401
57
247
420
191
50
86
25
115
146
130
261
47
136
30
68
402
279
424
163
249
70
243
439
16
225
282
119
338
370
78
208
352
313
318
382
246
192
276
227
5
410
360
383
209
7
56
347
299
18
176
23
203
254
415
116
108
250
399
114
140
156
320
127
336
258
2
381
271
9
423
101
123
94
160
239
333
357
422
180
332
262
170
434
288
369
442
389
117
437
356
157
177
216
168
328
155
428
268
293
41
361
349
430
172
339
223
72
316
186
37
171
363
350
388
342
33
406
120
304
264
373
27
253
414
275
379
69
351
201
231
59
102
433
432
20
89
106
354
126
90
184
283
295
137
96
364
317
391
149
107
164
296
187
75
300
147
229
344
397
24
303
8
179
232
109
221
311
353
393
154
79
324
189
377
148
17
380
128
19
81
284
323
374
297
392
289
65
11
367
376
51
198
199
100
28
58
151
60
158
411
84
396
131
375
93
403
95
197
286
277
13
418
159
378
15
10
48
111
335
110
372
366
88
220
32
121
129
196
161
202
256
31
387
92
182
112
190
290
248
431
408
74
419
162
54
409
407
141
252
355
125
211
365
285
167
274
441
87
34
213
77
315
52
319
287
337
152
212
343
63
14
416
144
142
85
345
214
67
242
255
6
39
91
233
305
314
322
73
43
83
330
97
267
412
417
341
358
174
259
135
241
45
340
240
331
404
207
99
298
175
385
217
76
278
371
362
26
12
145
66
183
46
234
44
193
113
329
302
292
181
219
29
21
132
307
178
440
348
173
206
143
235
260
185
237
421
427
188
82
334
53
133
400
438
222
405
245
40
122
325
22
215
36
435
395
38
326
139
244
153
306
218
210
4
118
226
308
62
359
205
105
194
413
195
263
64
425
384
236
436
251
169
291
309
138
150
269
257
204
35
238
321
312
294
301
270
80
228
368
166
124
327
394
281
273
3
265
398
386
134
104
98
272
310
55
266
1
200
49
230
429
280
426
71
-1