----------Distance----------

741596.2211526936

---------Circle Path--------

441
175
223
340
353
242
348
171
385
371
192
404
173
199
307
6
97
91
259
424
418
251
218
216
158
35
403
20
60
136
238
262
325
324
372
138
269
311
347
258
289
267
358
79
266
189
68
13
321
288
383
148
214
263
187
399
11
121
207
361
304
197
72
398
134
117
234
160
317
209
181
237
30
331
305
53
131
326
310
12
204
104
212
101
126
240
194
165
336
346
211
380
299
231
174
362
57
95
243
345
2
153
260
239
162
298
105
71
378
23
367
225
39
271
301
416
342
253
270
322
84
81
143
137
157
178
152
7
27
421
440
337
402
59
83
41
191
330
284
180
128
14
92
344
47
393
34
3
435
45
37
18
122
140
4
118
62
332
98
166
87
65
338
147
73
296
156
283
120
94
428
42
439
293
82
247
334
412
203
67
359
15
64
379
25
99
193
401
246
434
201
220
114
90
24
49
280
70
433
437
377
425
75
248
46
396
5
89
366
335
373
26
244
328
78
276
375
422
376
52
316
213
426
323
249
387
427
149
124
217
356
198
300
394
318
200
51
183
407
291
108
100
388
320
133
16
364
111
56
236
224
397
21
252
363
417
69
116
297
429
400
351
119
159
29
333
150
9
381
432
277
164
185
115
145
315
190
413
63
312
221
389
168
38
77
76
129
222
85
273
384
227
349
163
431
264
61
55
286
406
360
161
112
254
235
106
408
327
438
127
139
313
357
265
352
314
32
141
409
294
369
365
167
123
179
229
210
386
17
36
272
306
188
10
245
414
261
285
282
411
436
130
102
1
33
151
341
208
50
146
292
257
142
281
113
107
228
186
125
170
144
28
303
423
177
195
274
184
103
86
279
241
382
233
268
66
339
343
22
405
232
255
442
169
54
154
368
226
256
295
391
74
309
182
196
415
8
172
278
419
96
202
374
31
290
319
250
329
354
176
135
430
287
205
19
58
206
132
155
48
40
390
395
302
410
392
109
420
93
219
230
350
43
215
80
355
44
308
88
110
275
370
-1