----------Distance----------

725792.3044690967

---------Circle Path--------

428
392
112
67
154
95
296
115
217
172
426
34
247
239
127
8
348
164
413
71
11
108
258
318
122
18
125
235
100
213
311
343
88
257
73
78
396
4
184
137
243
165
414
119
350
162
61
105
156
313
205
438
385
425
157
441
167
271
440
423
322
326
434
66
69
353
230
356
283
252
338
364
168
114
292
163
216
254
201
435
380
98
181
231
373
294
185
244
77
218
29
410
160
344
177
223
312
264
146
354
169
58
351
416
424
349
360
12
383
427
421
319
291
255
37
249
48
207
182
404
50
120
339
189
266
224
212
41
403
130
386
272
260
221
389
263
323
281
347
121
287
39
219
382
277
276
51
431
411
192
369
3
370
415
22
56
388
142
155
102
333
42
68
194
59
317
301
99
222
314
97
321
65
33
17
394
399
134
44
409
200
345
330
418
359
262
361
393
303
75
28
220
429
83
152
79
19
131
305
285
405
90
433
270
273
334
173
101
241
70
62
2
417
145
279
7
1
116
55
191
43
106
5
232
209
109
27
253
166
144
310
150
20
126
30
206
193
401
437
419
23
60
132
365
74
107
87
302
265
259
38
186
246
379
93
295
377
315
46
26
16
63
408
342
325
133
31
280
149
151
174
327
24
117
103
82
368
261
306
298
432
439
387
89
92
57
14
54
337
267
375
113
384
406
143
226
240
86
332
129
248
420
268
80
188
352
13
81
304
275
96
85
378
293
49
72
136
430
215
175
40
341
124
256
358
316
289
436
53
282
197
242
176
237
278
6
32
238
251
110
91
363
300
227
190
15
328
104
214
123
228
308
179
180
178
331
52
128
138
335
204
76
183
307
309
187
84
381
412
422
111
203
45
9
346
398
210
297
329
336
64
171
141
47
35
199
236
320
299
196
269
324
442
400
288
397
195
159
376
286
407
21
94
372
147
340
118
153
250
198
290
357
366
371
25
374
202
274
211
36
148
225
390
402
284
355
170
245
229
362
140
139
367
135
208
395
158
391
10
161
234
233
-1