----------Distance----------

753589.009326749

---------Circle Path--------

387
436
361
97
79
374
29
283
184
383
172
89
272
24
135
111
285
62
206
211
417
357
311
356
158
442
278
431
346
339
319
37
5
220
410
101
440
69
307
421
137
53
60
300
337
414
50
33
144
353
81
215
402
84
188
163
377
78
157
341
271
76
175
179
269
156
133
190
428
368
13
348
229
284
370
253
169
145
57
294
209
48
326
46
7
165
373
425
343
1
38
104
120
65
152
399
252
355
87
378
166
28
194
15
12
100
324
178
95
235
426
222
256
349
439
390
327
394
44
236
121
320
54
193
331
71
384
245
396
149
434
151
217
27
142
20
147
321
41
110
310
281
391
96
344
26
266
441
115
70
6
259
223
297
423
248
64
298
328
146
25
221
43
225
77
208
268
304
94
336
359
216
204
56
82
10
385
277
22
270
203
31
418
161
315
375
420
45
171
103
14
354
106
17
262
187
210
254
205
16
276
207
160
185
116
395
23
113
180
47
264
196
433
422
150
227
429
379
213
333
267
131
143
367
257
126
350
68
132
58
195
52
125
317
74
2
219
99
21
401
73
312
86
9
177
380
247
438
189
376
67
80
102
372
237
92
119
122
19
107
174
66
416
352
148
72
405
427
403
329
170
342
123
164
240
345
413
118
244
91
83
280
93
301
232
437
230
265
435
404
305
75
197
176
233
109
412
381
136
293
127
386
430
138
290
128
88
382
202
35
243
318
226
289
286
362
409
282
432
212
90
154
214
32
397
400
263
39
419
360
369
260
351
291
335
3
239
388
191
234
347
168
8
167
155
112
250
231
274
338
392
192
366
302
389
42
159
249
275
314
288
238
129
358
292
173
55
340
424
306
198
130
201
199
139
134
330
323
363
200
36
371
51
287
61
59
415
296
406
153
40
181
218
255
251
34
322
325
63
299
295
242
4
313
162
228
140
183
364
108
246
124
398
393
105
411
279
261
309
316
365
182
30
11
98
334
85
49
18
408
332
303
186
407
114
308
241
224
117
141
273
258
-1